[projection]
wkp= EPSG:4326
srs= GEOGCS["WGS 84",DATUM["WGS_1984",SPHEROID["WGS 84",6378137,298.257223563,AUTHORITY["EPSG","7030"]],AUTHORITY["EPSG","6326"]],PRIMEM["Greenwich",0],UNIT["degree",0.0174532925199433],AUTHORITY["EPSG","4326"]]
originx = 24.150733709000065
originy = 12.23635188000003
pixel_width = 0.008334173612994345
pixel_height = -0.008331170202664108 
ncols = 1416
nrows = 1051

